{
  "asset": {
    "version": "2.0",
    "generator": "GLTFExporter"
  },
  "scenes": [
    {
      "name": "Scene",
      "nodes": [
        83
      ]
    }
  ],
  "scene": 0,
  "nodes": [
    {
      "matrix": [
        1,
        -2.4469891754994467e-55,
        2.48154183765908e-23,
        0,
        1.7219155529623336e-40,
        1,
        -6.93889390390722e-18,
        0,
        -2.48154183765908e-23,
        6.93889390390722e-18,
        1,
        0,
        1.11022299980974e-18,
        0.00325548928231001,
        -3.46944687440543e-20,
        1
      ],
      "name": "FootL_end",
      "extras": {
        "name": "Foot.L_end"
      }
    },
    {
      "matrix": [
        -1.000000042856664,
        3.894143787821008e-7,
        2.1574905996747014e-7,
        0,
        -3.9620465228504845e-7,
        -0.9994744407264918,
        -0.03242169711661679,
        0,
        2.030101870331913e-7,
        -0.03242169711669906,
        0.9994743978697788,
        0,
        0.000094687937234994,
        0.00316882971674204,
        0.00383445085026324,
        1
      ],
      "name": "FootL",
      "extras": {
        "name": "Foot.L"
      },
      "mesh": 0
    },
    {
      "matrix": [
        -1.0000000256234807,
        1.509958026215176e-7,
        -1.7649975189953906e-7,
        0,
        -1.8130244132874347e-7,
        -0.03242150745991567,
        0.9994741190648254,
        0,
        1.4519403514854106e-7,
        0.9994742977847616,
        0.032421487633853,
        0,
        0.00636722007766366,
        0.000305792083963752,
        0.000570146774407476,
        1
      ],
      "name": "FootL",
      "extras": {
        "name": "Foot.L"
      },
      "children": [
        0,
        1
      ]
    },
    {
      "matrix": [
        1,
        6.9388939039072214e-18,
        5.55111512312578e-17,
        0,
        -6.938893903907218e-18,
        1,
        -5.55111512312578e-17,
        0,
        -5.55111512312578e-17,
        5.55111512312578e-17,
        1,
        0,
        1.11022299980974e-18,
        0.00927859637886286,
        -5.55111499904869e-19,
        1
      ],
      "name": "LowerLegL_end",
      "extras": {
        "name": "LowerLeg.L_end"
      }
    },
    {
      "matrix": [
        0.9999811945202209,
        0.003065171625182162,
        0.005300577343184705,
        0,
        -0.0057874864824479936,
        0.1905408600055864,
        0.9816548118921201,
        0,
        0.0019989789173854725,
        -0.9816744594891189,
        0.19055645890401324,
        0,
        -0.0000681781748426147,
        0.00498979771509767,
        -0.00252088997513056,
        1
      ],
      "name": "LowerLegL",
      "extras": {
        "name": "LowerLeg.L"
      },
      "mesh": 1
    },
    {
      "matrix": [
        1.0000001192092507,
        -6.518208987888303e-8,
        -2.7278608964077915e-7,
        0,
        2.2818454249983674e-7,
        0.7545992788874466,
        0.656185253500847,
        0,
        1.6307294069124727e-7,
        -0.6561864659637432,
        0.7546006731942907,
        0,
        6.89178714097238e-10,
        0.00611006794497371,
        -1.49011608607807e-10,
        1
      ],
      "name": "LowerLegL",
      "extras": {
        "name": "LowerLeg.L"
      },
      "children": [
        3,
        4
      ]
    },
    {
      "matrix": [
        0.9999811948740646,
        0.0007434812474400097,
        0.006077657864928399,
        0,
        -0.005787437481893208,
        -0.2092804548372484,
        0.9778314189977526,
        0,
        0.0019989487457498,
        -0.9778553155530473,
        -0.20927373823043052,
        0,
        -0.0000674015245749615,
        0.00332478643395007,
        -0.0000286936756310752,
        1
      ],
      "name": "LegL",
      "extras": {
        "name": "Leg.L"
      },
      "mesh": 2
    },
    {
      "matrix": [
        0.9851443747548182,
        0.010291938790426641,
        -0.17141947181515788,
        0,
        0.07434536066120309,
        -0.9253720508598098,
        0.37170244546169917,
        0,
        -0.15480340721554708,
        -0.37893005593485873,
        -0.9124028436552862,
        0,
        0.00628246134147048,
        0.000962254998739809,
        -0.00182560901157558,
        1
      ],
      "name": "UpperLegL",
      "extras": {
        "name": "UpperLeg.L"
      },
      "children": [
        5,
        6
      ]
    },
    {
      "matrix": [
        1,
        -1.3877787807814463e-17,
        -5.55111512312578e-17,
        0,
        1.3877787807814457e-17,
        1,
        -1.110223024625156e-16,
        0,
        5.55111512312578e-17,
        1.110223024625156e-16,
        1,
        0,
        0,
        0.00927859637886286,
        -5.55111499904869e-19,
        1
      ],
      "name": "LowerLegR_end",
      "extras": {
        "name": "LowerLeg.R_end"
      }
    },
    {
      "matrix": [
        0.9999810423442944,
        0.0029551337406710787,
        0.005402049301219412,
        0,
        -0.005866140170325159,
        0.19060347440135741,
        0.9816219572717095,
        0,
        0.0018712273217771941,
        -0.9816625961600264,
        0.19062254772683776,
        0,
        0.0000470799204776995,
        0.00499000167474151,
        -0.00251993862912059,
        1
      ],
      "name": "LowerLegR",
      "extras": {
        "name": "LowerLeg.R"
      },
      "mesh": 3
    },
    {
      "matrix": [
        0.9999999999998178,
        -6.620507389117996e-8,
        5.999791707801514e-7,
        0,
        -3.4373918904135686e-7,
        0.7545992788874479,
        0.6561852535008219,
        0,
        -4.96187439874018e-7,
        -0.6561863095169532,
        0.7546004932835906,
        0,
        -6.33299357399864e-10,
        0.00611006887629628,
        -1.49011608607807e-10,
        1
      ],
      "name": "LowerLegR",
      "extras": {
        "name": "LowerLeg.R"
      },
      "children": [
        8,
        9
      ]
    },
    {
      "matrix": [
        0.9999809798276229,
        0.0007983847589843833,
        0.006106009809268604,
        0,
        -0.005866659272836594,
        -0.1777730439181168,
        0.9840270825601614,
        0,
        0.0018711662977459146,
        -0.9840705828963927,
        -0.177769746947812,
        0,
        0.0000534528480784502,
        0.00332517665810883,
        0.0000620937353232875,
        1
      ],
      "name": "LegR",
      "extras": {
        "name": "Leg.R"
      },
      "mesh": 4
    },
    {
      "matrix": [
        0.9609182075753602,
        -0.010902720200536571,
        0.2766176619855622,
        0,
        -0.11456032021625309,
        -0.9253130183412915,
        0.36149055314985745,
        0,
        0.25202019566069844,
        -0.3790575487173297,
        -0.8904115667360176,
        0,
        -0.00645356578752398,
        0.000962254998739809,
        -0.00182561902329326,
        1
      ],
      "name": "UpperLegR",
      "extras": {
        "name": "UpperLeg.R"
      },
      "children": [
        10,
        11
      ]
    },
    {
      "name": "Head_0",
      "extras": {
        "targetNames": [
          "Angry",
          "Surprised",
          "Sad"
        ]
      },
      "mesh": 5
    },
    {
      "name": "Head_1",
      "extras": {
        "targetNames": [
          "Angry",
          "Surprised",
          "Sad"
        ]
      },
      "mesh": 6
    },
    {
      "name": "Head_2",
      "extras": {
        "targetNames": [
          "Angry",
          "Surprised",
          "Sad"
        ]
      },
      "mesh": 7
    },
    {
      "matrix": [
        0.9999959993256066,
        -0.002806946110417002,
        -0.00005636669398946789,
        0,
        -0.00010902507714801867,
        -0.01876342912847062,
        -0.9998239681686674,
        0,
        0.0028053944719329147,
        0.9998200339379091,
        -0.01876366120810058,
        0,
        -0.00000895798166311579,
        0.00647621275857091,
        0.000363968458259478,
        1
      ],
      "name": "Head",
      "extras": {
        "name": "Head"
      },
      "children": [
        13,
        14,
        15
      ]
    },
    {
      "matrix": [
        1,
        -1.561251128379126e-17,
        2.7755575615629e-17,
        0,
        1.561251128379126e-17,
        1,
        -1.387778780781446e-17,
        0,
        -2.7755575615629e-17,
        1.387778780781446e-17,
        1,
        0,
        2.77555749952435e-19,
        0.0110828317701817,
        -2.77555749952435e-19,
        1
      ],
      "name": "Head_end",
      "extras": {
        "name": "Head_end"
      }
    },
    {
      "matrix": [
        0.9864890299046372,
        0.001988696161001815,
        0.16381489718033648,
        0,
        0.009531356021128198,
        0.997535830421385,
        -0.06950756225957942,
        0,
        -0.16354946867239742,
        0.07012982993313205,
        0.9840392573292761,
        0,
        1.22527127333072e-10,
        0.00309865921735764,
        5.00585857488023e-11,
        1
      ],
      "name": "Head",
      "extras": {
        "name": "Head"
      },
      "children": [
        16,
        17
      ]
    },
    {
      "matrix": [
        0.9979968051315071,
        0.05772929494617828,
        0.02586714714235864,
        0,
        -0.055268518087454394,
        0.9946354524924906,
        -0.08743905342478596,
        0,
        -0.03077618213909575,
        0.08583427237838112,
        0.9958337945925758,
        0,
        2.8393952584239e-16,
        0.00584088359028101,
        2.79396755731298e-10,
        1
      ],
      "name": "Neck",
      "extras": {
        "name": "Neck"
      },
      "children": [
        18
      ]
    },
    {
      "matrix": [
        1,
        -2.42861286636752e-17,
        5.20417042793042e-18,
        0,
        2.42861286636752e-17,
        1,
        -2.993496475303259e-49,
        0,
        -5.20417042793042e-18,
        1.263891526004121e-34,
        1,
        0,
        0,
        0.00131474959198385,
        0,
        1
      ],
      "name": "Middle2L_end",
      "extras": {
        "name": "Middle2.L_end"
      }
    },
    {
      "matrix": [
        0.020962187019852356,
        -0.9984269795781909,
        0.0519959903134407,
        0,
        0.998284819691512,
        0.01805906811351443,
        -0.055688376126920604,
        0,
        0.05466179290081229,
        0.05307416733574989,
        0.9970933264605407,
        0,
        1.49011608607807e-10,
        0.00189366878475994,
        -9.68575442072961e-10,
        1
      ],
      "name": "Middle2L",
      "extras": {
        "name": "Middle2.L"
      },
      "children": [
        20
      ]
    },
    {
      "matrix": [
        0.389297830852849,
        -0.92045304946512,
        -0.03483029968941882,
        0,
        0.9200313496279944,
        0.39039373648696674,
        -0.03367460306383208,
        0,
        0.044593451111552634,
        -0.018935529878743362,
        0.9988257454816057,
        0,
        -2.98023217215615e-10,
        0.00371197983622551,
        -2.23517412911711e-10,
        1
      ],
      "name": "Middle1L",
      "extras": {
        "name": "Middle1.L"
      },
      "children": [
        21
      ]
    },
    {
      "matrix": [
        0.7879971987001544,
        -0.6156140842925929,
        -0.008926898298569288,
        0,
        0.6155353673015099,
        0.7880438415965328,
        -0.010165097081848873,
        0,
        0.01329256282868972,
        0.0025152456592054035,
        0.9999084864636977,
        0,
        2.98023217215615e-10,
        0.0136820003390312,
        0,
        1
      ],
      "name": "Palm2L",
      "extras": {
        "name": "Palm2.L"
      },
      "children": [
        22
      ]
    },
    {
      "matrix": [
        1,
        -5.55111512312578e-17,
        -5.55111512312578e-17,
        0,
        5.55111512312578e-17,
        1,
        -2.7755575615629e-17,
        0,
        5.55111512312578e-17,
        2.7755575615629e-17,
        1,
        0,
        1.11022299980974e-18,
        0.00126784422900528,
        0,
        1
      ],
      "name": "Thumb2L_end",
      "extras": {
        "name": "Thumb2.L_end"
      }
    },
    {
      "matrix": [
        -0.5827558749654518,
        -0.7954734354887214,
        0.16618510916611975,
        0,
        0.17086375795394845,
        0.07998878258889665,
        0.9820423290270223,
        0,
        -0.7944816706881459,
        0.6006860533380385,
        0.08930366045952665,
        0,
        -5.9604643443123e-10,
        0.00136672763619572,
        8.94069651646845e-10,
        1
      ],
      "name": "Thumb2L",
      "extras": {
        "name": "Thumb2.L"
      },
      "children": [
        24
      ]
    },
    {
      "matrix": [
        0.10356489687241965,
        0.9857333109781432,
        0.13268075546150443,
        0,
        0.8691439672154005,
        -0.15454988087790916,
        0.46979027258721917,
        0,
        0.4835936474729753,
        0.06666487978831548,
        -0.8727500020470886,
        0,
        0.000841742265038192,
        0.0125747434794903,
        0.00189778150524944,
        1
      ],
      "name": "ThumbL",
      "extras": {
        "name": "Thumb.L"
      },
      "children": [
        25
      ]
    },
    {
      "matrix": [
        1,
        6.93889390390722e-18,
        1.387778780781446e-17,
        0,
        -6.93889390390722e-18,
        1,
        -4.810976478165952e-50,
        0,
        -1.387778780781446e-17,
        -9.629649721936164e-35,
        1,
        0,
        0,
        0.00131475238595158,
        0,
        1
      ],
      "name": "Index2L_end",
      "extras": {
        "name": "Index2.L_end"
      }
    },
    {
      "matrix": [
        0.019429884397714713,
        -0.9961214670342569,
        0.0858161461738744,
        0,
        0.9992524733792079,
        0.016478168631727907,
        -0.03497130444977635,
        0,
        0.03342157447573535,
        0.08643148914905886,
        0.9956970403513123,
        0,
        -2.98023217215615e-10,
        0.00189366703853011,
        -6.70552224857346e-10,
        1
      ],
      "name": "Index2L",
      "extras": {
        "name": "Index2.L"
      },
      "children": [
        27
      ]
    },
    {
      "matrix": [
        -0.00779340924194849,
        -0.8650014066069818,
        0.5017088976599123,
        0,
        0.7909518665693029,
        0.3016462889210656,
        0.532357860564496,
        0,
        -0.6118287800530522,
        0.4009763814041962,
        0.6818234694208613,
        0,
        -2.98023217215615e-10,
        0.00422426452860236,
        -1.49011608607807e-10,
        1
      ],
      "name": "IndexL",
      "extras": {
        "name": "Index.L"
      },
      "children": [
        28
      ]
    },
    {
      "matrix": [
        0.7560588244985627,
        -0.20340394784469568,
        -0.6220947676868908,
        0,
        0.5423790445029736,
        0.7267087140105956,
        0.42156768305235004,
        0,
        0.3663331857719915,
        -0.6561411658823669,
        0.6597566098885675,
        0,
        2.98023217215615e-10,
        0.0136820003390312,
        0,
        1
      ],
      "name": "Palm1L",
      "extras": {
        "name": "Palm1.L"
      },
      "children": [
        29
      ]
    },
    {
      "matrix": [
        1,
        -2.08166817117216e-17,
        -1.0408340855860838e-17,
        0,
        2.08166817117216e-17,
        1,
        -1.665334536937734e-16,
        0,
        1.0408340855860841e-17,
        1.665334536937734e-16,
        1,
        0,
        2.22044599961948e-18,
        0.00131475238595158,
        -1.11022299980974e-18,
        1
      ],
      "name": "Ring2L_end",
      "extras": {
        "name": "Ring2.L_end"
      }
    },
    {
      "matrix": [
        0.01942973181786667,
        -0.996121540003628,
        0.08581601925125915,
        0,
        0.9992524032534131,
        0.0164779861697506,
        -0.03497166754938691,
        0,
        0.0334219565627714,
        0.08643135806308153,
        0.9956970389015982,
        0,
        5.21540644005114e-10,
        0.00189366680569947,
        2.98023217215615e-10,
        1
      ],
      "name": "Ring2L",
      "extras": {
        "name": "Ring2.L"
      },
      "children": [
        31
      ]
    },
    {
      "matrix": [
        -0.14907972435296604,
        -0.8234481454337159,
        -0.5474555548599235,
        0,
        0.6919898206504136,
        0.30860373879943614,
        -0.6526206920614381,
        0,
        0.7063463882830928,
        -0.4761263974837478,
        0.523811413590383,
        0,
        5.9604643443123e-10,
        0.00426206504926085,
        7.45058043039037e-11,
        1
      ],
      "name": "Ring1L",
      "extras": {
        "name": "Ring1.L"
      },
      "children": [
        32
      ]
    },
    {
      "matrix": [
        0.708390337469762,
        -0.08523568309308518,
        0.700655429289956,
        0,
        0.5368279826550936,
        0.7095655874992387,
        -0.4564347213892307,
        0,
        -0.4582564653994823,
        0.6994653775897111,
        0.5484063007610139,
        0,
        2.98023217215615e-10,
        0.0136820003390312,
        0,
        1
      ],
      "name": "Palm3L",
      "extras": {
        "name": "Palm3.L"
      },
      "children": [
        33
      ]
    },
    {
      "matrix": [
        0.23496153923387875,
        -0.21744328646861372,
        -0.947371109526423,
        0,
        0.8366066530970252,
        0.5414468347567487,
        0.08321599341498101,
        0,
        0.49485634430839953,
        -0.8121295072269249,
        0.30913366440323314,
        0,
        3.72529021519519e-11,
        0.00657292222604156,
        2.91969626253774e-9,
        1
      ],
      "name": "LowerArmL",
      "extras": {
        "name": "LowerArm.L"
      },
      "children": [
        23,
        26,
        30,
        34
      ]
    },
    {
      "matrix": [
        -0.06099213199820941,
        0.998052799655634,
        0.013063311611349198,
        0,
        -0.9958147704389531,
        -0.061737381860731015,
        0.06738726179975622,
        0,
        0.06806254496791325,
        -0.008898549185011958,
        0.9976412519321689,
        0,
        0.00035145491710864,
        -0.0066781030036509,
        -0.000759340531658381,
        1
      ],
      "name": "ArmL",
      "extras": {
        "name": "Arm.L"
      },
      "mesh": 8
    },
    {
      "matrix": [
        0.038532088385761394,
        0.17478050149201585,
        0.9838530779331928,
        0,
        -0.0241485848314572,
        0.9844595582994363,
        -0.1739424804981327,
        0,
        -0.998965558183372,
        -0.017056290299031246,
        0.04215399390311381,
        0,
        -8.40556402259551e-10,
        0.000840358203276992,
        2.2934045287859e-11,
        1
      ],
      "name": "UpperArmL",
      "extras": {
        "name": "UpperArm.L"
      },
      "children": [
        35,
        36
      ]
    },
    {
      "matrix": [
        -0.025936695999760673,
        0.9996635965414528,
        2.1366129576705362e-7,
        0,
        0.0000019040958387220209,
        2.5414413219624147e-7,
        -0.9999998897804601,
        0,
        -0.999663358201288,
        -0.025936680823919176,
        -0.0000019192715148713485,
        0,
        -0.0000038099287849036,
        -0.00000983364861895097,
        -0.0000415095855714753,
        1
      ],
      "name": "ShoulderL",
      "extras": {
        "name": "Shoulder.L"
      },
      "mesh": 9
    },
    {
      "matrix": [
        -0.9116027330096186,
        -0.40863372024917377,
        0.04470998064036242,
        0,
        0.4110723286773648,
        -0.9061943137341293,
        0.09915246346674389,
        0,
        -0.0000011075038893471056,
        0.10876669022529162,
        0.9940673048080029,
        0,
        0.00582737708464265,
        0.00296720257028937,
        0.000324412976624444,
        1
      ],
      "name": "ShoulderL",
      "extras": {
        "name": "Shoulder.L"
      },
      "children": [
        37,
        38
      ]
    },
    {
      "matrix": [
        1,
        -1.110223024625156e-16,
        -1.110223024625156e-16,
        0,
        1.110223024625156e-16,
        1,
        -1.110223024625156e-16,
        0,
        1.110223024625156e-16,
        1.110223024625156e-16,
        1,
        0,
        0,
        0.00131474959198385,
        0,
        1
      ],
      "name": "Middle2R_end",
      "extras": {
        "name": "Middle2.R_end"
      }
    },
    {
      "matrix": [
        0.4874746257897551,
        0.8671093236944589,
        0.1024190414621284,
        0,
        -0.8725493612611398,
        0.4880858285357363,
        0.02071783318866219,
        0,
        -0.03202466513953847,
        -0.09946511771600638,
        0.9945254509760088,
        0,
        -2.23517412911711e-10,
        0.00189366843551397,
        1.49011608607807e-10,
        1
      ],
      "name": "Middle2R",
      "extras": {
        "name": "Middle2.R"
      },
      "children": [
        40
      ]
    },
    {
      "matrix": [
        0.4483498291900754,
        0.8934095619477884,
        -0.028315622380606625,
        0,
        -0.8916051581352096,
        0.4447475591473852,
        -0.08508724777439494,
        0,
        -0.06342445772119916,
        0.06339520776363311,
        0.9959710767469071,
        0,
        5.9604643443123e-10,
        0.00371197937056422,
        -4.47034825823422e-10,
        1
      ],
      "name": "Middle1R",
      "extras": {
        "name": "Middle1.R"
      },
      "children": [
        41
      ]
    },
    {
      "matrix": [
        0.7798481562631739,
        0.6149741888071337,
        0.11680482772531016,
        0,
        -0.603852480610729,
        0.7882444098427888,
        -0.11846019796198724,
        0,
        -0.16492072582734188,
        0.021848084604215005,
        0.986064692273361,
        0,
        -5.9604643443123e-10,
        0.0137971695512533,
        -8.94069651646845e-10,
        1
      ],
      "name": "Palm2R",
      "extras": {
        "name": "Palm2.R"
      },
      "children": [
        42
      ]
    },
    {
      "matrix": [
        1,
        -1.734723475976808e-18,
        5.20417042793042e-18,
        0,
        1.734723475976808e-18,
        1,
        4.6773382426613424e-51,
        0,
        -5.20417042793042e-18,
        9.027796614315165e-36,
        1,
        0,
        0,
        0.00126784422900528,
        -2.22044599961948e-18,
        1
      ],
      "name": "Thumb2R_end",
      "extras": {
        "name": "Thumb2.R_end"
      }
    },
    {
      "matrix": [
        -0.7879895898203841,
        -0.5513616193150489,
        0.27399397274559134,
        0,
        0.15270761777332226,
        0.25609203433278654,
        0.9545148784367921,
        0,
        -0.5964505495815547,
        0.7939887905722414,
        -0.11760070841383084,
        0,
        -5.86733217566859e-10,
        0.00136672728694975,
        -1.78813930329369e-9,
        1
      ],
      "name": "Thumb2R",
      "extras": {
        "name": "Thumb2.R"
      },
      "children": [
        44
      ]
    },
    {
      "matrix": [
        0.1540350372720277,
        -0.9869702440543257,
        0.04650496311529644,
        0,
        -0.5849687265297194,
        -0.05316126481597652,
        0.8093111959731021,
        0,
        -0.7962940937092087,
        -0.15186623031119342,
        -0.5855355775980364,
        0,
        -0.00116364227142185,
        0.0126899918541312,
        0.00171936478000134,
        1
      ],
      "name": "ThumbR",
      "extras": {
        "name": "Thumb.R"
      },
      "children": [
        45
      ]
    },
    {
      "matrix": [
        1,
        1.387778780781446e-17,
        -2.7755575615629e-17,
        0,
        -1.387778780781446e-17,
        1,
        5.55111512312578e-17,
        0,
        2.7755575615629e-17,
        -5.55111512312578e-17,
        1,
        0,
        1.11022299980974e-18,
        0.00131475238595158,
        0,
        1
      ],
      "name": "Index2R_end",
      "extras": {
        "name": "Index2.R_end"
      }
    },
    {
      "matrix": [
        0.4437502306572696,
        0.8958367841860817,
        -0.023711198708891063,
        0,
        -0.8938199081095413,
        0.44053422014439847,
        -0.08375920837490454,
        0,
        -0.06458898290052217,
        0.05836171021893764,
        0.9962038818871091,
        0,
        7.45058043039037e-11,
        0.00189366587437689,
        -2.23517404585039e-9,
        1
      ],
      "name": "Index2R",
      "extras": {
        "name": "Index2.R"
      },
      "children": [
        47
      ]
    },
    {
      "matrix": [
        0.30458991503342453,
        0.7504007260638441,
        0.5866212381288641,
        0,
        0.4079436512252598,
        0.4537621843114318,
        -0.7922642201909569,
        0,
        -0.8607016619488522,
        0.4806238210322155,
        -0.1679097282988774,
        0,
        0,
        0.00422426778823137,
        1.49011608607807e-10,
        1
      ],
      "name": "IndexR",
      "extras": {
        "name": "Index.R"
      },
      "children": [
        48
      ]
    },
    {
      "matrix": [
        -0.3272343699854816,
        0.1371058643019046,
        -0.9349436113825506,
        0,
        -0.6080185700405412,
        0.7268413414405426,
        0.3193976360507028,
        0,
        0.7233470459653458,
        0.6729810321503501,
        -0.15448457977307067,
        0,
        -5.9604643443123e-10,
        0.0137971695512533,
        -8.94069651646845e-10,
        1
      ],
      "name": "Palm1R",
      "extras": {
        "name": "Palm1.R"
      },
      "children": [
        49
      ]
    },
    {
      "matrix": [
        1,
        0,
        -2.7755575615629e-17,
        0,
        0,
        1,
        0,
        0,
        2.7755575615629e-17,
        0,
        1,
        0,
        0,
        0.00131475238595158,
        0,
        1
      ],
      "name": "Ring2R_end",
      "extras": {
        "name": "Ring2.R_end"
      }
    },
    {
      "matrix": [
        0.6339939118282597,
        0.7697987134020824,
        0.073898044923765,
        0,
        -0.7559924302744173,
        0.5968129383199373,
        0.26886728330683995,
        0,
        0.16287043584070332,
        -0.22632664931861632,
        0.9603380799928594,
        0,
        2.23517412911711e-10,
        0.00189366622362286,
        5.9604643443123e-10,
        1
      ],
      "name": "Ring2R",
      "extras": {
        "name": "Ring2.R"
      },
      "children": [
        51
      ]
    },
    {
      "matrix": [
        0.36134242115898635,
        0.7741699065383532,
        -0.5197046003861693,
        0,
        0.49798645906048705,
        0.3109897030088796,
        0.8095031764047018,
        0,
        0.7883155850102652,
        -0.551313564559428,
        -0.27315229407440406,
        0,
        -7.45058043039037e-11,
        0.00426206411793828,
        8.56816728678211e-10,
        1
      ],
      "name": "Ring1R",
      "extras": {
        "name": "Ring1.R"
      },
      "children": [
        52
      ]
    },
    {
      "matrix": [
        -0.7362289012968094,
        0.052604225203345296,
        0.6746846974490441,
        0,
        -0.44768190527366625,
        0.7097865812627544,
        -0.5438601847214641,
        0,
        -0.507491512891985,
        -0.7024498023656922,
        -0.49901544647960183,
        0,
        -5.9604643443123e-10,
        0.0137971695512533,
        -8.94069651646845e-10,
        1
      ],
      "name": "Palm3R",
      "extras": {
        "name": "Palm3.R"
      },
      "children": [
        53
      ]
    },
    {
      "matrix": [
        -0.12427705247007605,
        0.20785012525363172,
        0.9702332719705181,
        0,
        -0.4608966768104428,
        0.8538348785269246,
        -0.24195065797667326,
        0,
        -0.8787087401580898,
        -0.47724638062413094,
        -0.01031464113544963,
        0,
        1.86264503820865e-10,
        0.00575238140299916,
        -1.02445485428149e-9,
        1
      ],
      "name": "LowerArmR",
      "extras": {
        "name": "LowerArm.R"
      },
      "children": [
        43,
        46,
        50,
        54
      ]
    },
    {
      "matrix": [
        -0.013596107216591042,
        -0.22654148589748713,
        -0.006446405295965354,
        0,
        0.21850206099739128,
        -0.01481732972273045,
        0.059872509122372644,
        0,
        -0.06016158744091088,
        -0.0026185605136990983,
        0.21890899645061973,
        0,
        -0.0000794088846305385,
        0.00334939244203269,
        -0.0000472581377835013,
        1
      ],
      "name": "ArmR",
      "extras": {
        "name": "Arm.R"
      },
      "mesh": 10
    },
    {
      "matrix": [
        -0.3012732588805789,
        0.13787602623094047,
        -0.943517119042076,
        0,
        0.0023519073693055413,
        0.9895951835255101,
        0.14385841880542827,
        0,
        0.9535347944810886,
        0.04112164218149636,
        -0.29846289056447417,
        0,
        2.15338552544964e-10,
        0.00102177774533629,
        1.18484423661247e-11,
        1
      ],
      "name": "UpperArmR",
      "extras": {
        "name": "UpperArm.R"
      },
      "children": [
        55,
        56
      ]
    },
    {
      "matrix": [
        -0.009858467863749443,
        -0.9999513834139855,
        -2.442918684009143e-7,
        0,
        0.0000011932534953189198,
        2.530471749132159e-7,
        -0.99999986028226,
        0,
        0.9999512046080626,
        -0.009858486608912097,
        0.0000012114106591061512,
        0,
        0.0000035178661619284,
        -0.00000331267710862448,
        -0.0000415095855714753,
        1
      ],
      "name": "ShoulderR",
      "extras": {
        "name": "Shoulder.R"
      },
      "mesh": 11
    },
    {
      "matrix": [
        -0.8981856149866906,
        0.4370076435420912,
        -0.04781677709037976,
        0,
        -0.4396159093159984,
        -0.8928568990258038,
        0.09769367090742025,
        0,
        -6.598976872576228e-7,
        0.1087681176633607,
        0.9940672686629771,
        0,
        -0.00636815698817372,
        0.00296746962703764,
        0.000324390945024788,
        1
      ],
      "name": "ShoulderR",
      "extras": {
        "name": "Shoulder.R"
      },
      "children": [
        57,
        58
      ]
    },
    {
      "matrix": [
        0.9999999999986188,
        -7.08220166701568e-8,
        0.0000016605307595122424,
        0,
        -1.228645501773823e-7,
        0.9932080183784885,
        0.11635167551638619,
        0,
        -0.0000016574928240694421,
        -0.11635168245153024,
        0.9932080775769228,
        0,
        -5.05151457675601e-17,
        0.00484584365040064,
        -3.72528986825049e-11,
        1
      ],
      "name": "Torso",
      "extras": {
        "name": "Torso"
      },
      "children": [
        19,
        39,
        59
      ]
    },
    {
      "matrix": [
        0.9999999999996111,
        2.4189190554069446e-7,
        -8.480564450043019e-7,
        0,
        -4.1442040028691144e-8,
        0.9734740883031928,
        0.22879780436602523,
        0,
        8.809052080713188e-7,
        -0.22879777709108054,
        0.9734739722556832,
        0,
        -2.16493481860972e-17,
        0.00328791886568069,
        -7.45058043039037e-11,
        1
      ],
      "name": "Abdomen",
      "extras": {
        "name": "Abdomen"
      },
      "children": [
        60
      ]
    },
    {
      "matrix": [
        0.999999999999853,
        -4.2777018329679635e-8,
        5.405070711843813e-7,
        0,
        1.6924545313687918e-7,
        0.9716993870012632,
        -0.23622087804464081,
        0,
        -5.15105535069991e-7,
        0.23622086396483596,
        0.9716993290833306,
        0,
        -0.0000205049836949911,
        -0.000965745421126485,
        -0.00112671672832221,
        1
      ],
      "name": "Hips",
      "extras": {
        "name": "Hips"
      },
      "children": [
        61
      ]
    },
    {
      "name": "Torso_0",
      "mesh": 12
    },
    {
      "name": "Torso_1",
      "mesh": 13
    },
    {
      "matrix": [
        0.9999999999997442,
        -2.0097171745198447e-14,
        7.152558535028163e-7,
        0,
        7.152558535028028e-7,
        -1.3435898371660926e-7,
        -0.9999999657713233,
        0,
        1.4068029369594743e-13,
        0.9999999657715791,
        -1.3435898371660926e-7,
        0,
        -0.0000476612149213906,
        0.00801258068531752,
        -0.0013225288130343,
        1
      ],
      "name": "Torso",
      "extras": {
        "name": "Torso"
      },
      "children": [
        63,
        64
      ]
    },
    {
      "matrix": [
        0.9999999999999716,
        -8.866098996839654e-30,
        -2.38418579101562e-7,
        0,
        8.866098996839906e-30,
        1,
        3.675051476376769e-51,
        0,
        2.38418579101562e-7,
        -2.1138427250003284e-36,
        0.9999999999999716,
        0,
        0.0000524589559063315,
        0.0137837836518884,
        0.00307719758711755,
        1
      ],
      "name": "Body",
      "extras": {
        "name": "Body"
      },
      "children": [
        7,
        12,
        62,
        65
      ]
    },
    {
      "matrix": [
        1,
        -2.14868224943868e-29,
        -1.058791184067876e-22,
        0,
        2.14868224943868e-29,
        1,
        -9.027796614315161e-36,
        0,
        1.058791184067876e-22,
        9.027796614315159e-36,
        1,
        0,
        -1.11022299980974e-18,
        0.00309120770543814,
        0,
        1
      ],
      "name": "PoleTargetL_end",
      "extras": {
        "name": "PoleTarget.L_end"
      }
    },
    {
      "matrix": [
        0.9999999999999716,
        -8.865048010850474e-30,
        -2.38418635944982e-7,
        0,
        8.865048010850726e-30,
        1,
        1.7089483993671137e-44,
        0,
        2.38418635944982e-7,
        -2.11359267142326e-36,
        0.9999999999999716,
        0,
        0.00913523137569427,
        0.010580837726593,
        0.0170948822051287,
        1
      ],
      "name": "PoleTargetL",
      "extras": {
        "name": "PoleTarget.L"
      },
      "children": [
        67
      ]
    },
    {
      "matrix": [
        1,
        -5.29395592033938e-23,
        6.28657265540302e-23,
        0,
        5.29395592033938e-23,
        1,
        -6.93889390390722e-18,
        0,
        -6.28657265540302e-23,
        6.93889390390722e-18,
        1,
        0,
        0,
        0.0032554897479713,
        0,
        1
      ],
      "name": "FootR_end",
      "extras": {
        "name": "Foot.R_end"
      }
    },
    {
      "matrix": [
        -1.0000000387496049,
        3.8941437043289034e-7,
        0.0000016462606649769378,
        0,
        -4.425838127260682e-7,
        -0.999473904568007,
        -0.03242155308079475,
        0,
        0.000001632769773791559,
        -0.03242156660880868,
        0.9994742828288964,
        0,
        -0.0000207841385417851,
        0.00316882971674204,
        0.00383445015177131,
        1
      ],
      "name": "FootR",
      "extras": {
        "name": "Foot.R"
      },
      "mesh": 14
    },
    {
      "matrix": [
        -1.0000000256234807,
        0.0000015815073138277182,
        -1.3012024098985358e-7,
        0,
        -1.8132673909525425e-7,
        -0.03242152485267699,
        0.9994746552252407,
        0,
        0.000001576457386209369,
        0.9994744169307631,
        0.03242149149828914,
        0,
        -0.00636880612000823,
        0.000305792083963752,
        0.000570139964111149,
        1
      ],
      "name": "FootR",
      "extras": {
        "name": "Foot.R"
      },
      "children": [
        69,
        70
      ]
    },
    {
      "matrix": [
        1,
        -2.14878727280596e-29,
        -1.058791184067876e-22,
        0,
        2.14878727280596e-29,
        1,
        9.027796614315159e-36,
        0,
        1.058791184067876e-22,
        -9.027796614315161e-36,
        1,
        0,
        0,
        0.00309120770543814,
        0,
        1
      ],
      "name": "PoleTargetR_end",
      "extras": {
        "name": "PoleTarget.R_end"
      }
    },
    {
      "matrix": [
        0.9999999999999716,
        -8.866098996839654e-30,
        -2.38418579101562e-7,
        0,
        8.866098996839906e-30,
        1,
        3.675051476376769e-51,
        0,
        2.38418579101562e-7,
        -2.1138427250003284e-36,
        0.9999999999999716,
        0,
        -0.0110091222450137,
        0.010580837726593,
        0.0170948728919029,
        1
      ],
      "name": "PoleTargetR",
      "extras": {
        "name": "PoleTarget.R"
      },
      "children": [
        72
      ]
    },
    {
      "matrix": [
        0.9999999999998863,
        4.768372222704198e-7,
        5.823351512373315e-21,
        0,
        8.038873989388321e-14,
        -1.3435891266233568e-7,
        0.9999999657715081,
        0,
        4.76837222270413e-7,
        -0.9999999657713944,
        -1.3435891266233568e-7,
        0,
        -0.0000319546306855045,
        0.00195048085879534,
        -0.0000588517395954113,
        1
      ],
      "name": "Bone",
      "extras": {
        "name": "Bone"
      },
      "children": [
        2,
        66,
        68,
        71,
        73
      ]
    },
    {
      "matrix": [
        100,
        0,
        0,
        0,
        0,
        -0.000013435885581891682,
        -99.99999657714513,
        0,
        0,
        99.99999657714513,
        -0.000013435885581891682,
        0,
        0,
        0,
        0,
        1
      ],
      "name": "RobotArmature",
      "extras": {
        "name": "RobotArmature"
      },
      "children": [
        74
      ]
    },
    {
      "name": "Hand.R_0",
      "mesh": 15,
      "skin": 0
    },
    {
      "name": "Hand.R_1",
      "mesh": 16,
      "skin": 1
    },
    {
      "matrix": [
        100,
        0,
        0,
        0,
        0,
        -0.000013435885581891682,
        -99.99999657714513,
        0,
        0,
        99.99999657714513,
        -0.000013435885581891682,
        0,
        -0.00271563697606325,
        2.3702974319458,
        -0.0209941472858191,
        1
      ],
      "name": "HandR",
      "extras": {
        "name": "Hand.R"
      },
      "children": [
        76,
        77
      ]
    },
    {
      "name": "Hand.L_0",
      "mesh": 17,
      "skin": 2
    },
    {
      "name": "Hand.L_1",
      "mesh": 18,
      "skin": 3
    },
    {
      "matrix": [
        100,
        0,
        0,
        0,
        0,
        -0.000013435885581891682,
        -99.99999657714513,
        0,
        0,
        99.99999657714513,
        -0.000013435885581891682,
        0,
        -0.00271563697606325,
        2.3702974319458,
        -0.0209941472858191,
        1
      ],
      "name": "HandL",
      "extras": {
        "name": "Hand.L"
      },
      "children": [
        79,
        80
      ]
    },
    {
      "name": "RootNode",
      "extras": {
        "name": "RootNode"
      },
      "children": [
        75,
        78,
        81
      ]
    },
    {
      "name": "RobotExpressive.glb",
      "children": [
        82
      ]
    }
  ],
  "bufferViews": [
    {
      "buffer": 0,
      "byteOffset": 0,
